0000000014
0000000101
0000001004
0000010002
0000100000
0000200116
0000201017
0000201108
0000210012
0000211001
0000211120
0000211211
0000212112
0001000005
0001020010
0001020100
0001021000
0001120000
0001200011
0001201000
0001201120
0001201211
0001202112
0010000004
0010200015
0010200103
0010201003
0010201120
0010201211
0010202115
0010210008
0010210120
0010211020
0010220113
0010221013
0011020000
0011200000
0011210020
0011220010
0011222110
0012200115
0012201015
0012201105
0012210108
0012211008
0012211120
0020010010
0020010100
0020011000
0020110003
0020210116
0020211017
0021010004
0021210016
0021210106
0021211000
0021211211
0022110010
0022110101
0022111000
0100000000
0100200010
0100201000
0100201120
0100201210
0100202112
0101020000
0110200000
0110210020
0110220013
0110222113
0112200105
0112201005
0112210120
0112211020
0120010003
0120210016
0120211210
0121210006
0122010016
0122010104
0122011004
0122012110
0122110007
0122110210
0122111200
0122112010
0122210116
0122211017
0122211108
0200000116
0200001108
0200010106
0200011120
0200012112
0200100100
0200101122
0200102110
0200112103
0200211017
0200211108
0201000106
0201001120
0201002112
0201012104
0201102105
0201122110
0201200116
0201201017
0201210017
0201211007
0201211120
0201212112
0202112110
0210000106
0210001124
0210002115
0210012108
0210102100
0210112123
0210122110
0210211007
0210211120
0211002104
0211012124
0211022110
0211122100
0211200017
0211201120
0211202115
0211212108
0212112100
0220111120
0220112110
0221012110
0221101120
0221102110
0222110110
0222111100
1000000004
1000200013
1000200103
1000201003
1000201123
1000201211
1000202112
1000210001
1001020006
1001022014
1001022102
1001122008
1001122122
1001200006
1001202012
1001202102
1001212002
1001222112
1002200115
1002201015
1002201105
1002210012
1002210102
1002211001
1002211121
1010200001
1010210021
1010220013
1010222113
1011022001
1011122027
1011202001
1011222011
1012200015
1012200105
1012201005
1012201125
1012210121
1012211021
1020010003
1020210016
1020211211
1021022114
1021122108
1021210006
1022010014
1022010104
1022011004
1022110008
1022110121
1022111021
1022210116
1022211017
1022211108
1100200002
1101022002
1101122022
1101202002
1101222012
1102200015
1102200105
1102201005
1102201125
1120200016
1120200106
1120201003
1120210006
1121022014
1121022104
1121122008
1121200006
1122010004
1122012014
1122110027
1122110208
1122201015
1122201105
1122210016
1122210106
1122211007
1200000106
1200001123
1200002114
1200012104
1200102108
1200112123
1200210017
1200210106
1200211007
1200211123
1200212112
1201002104
1201102125
1201122108
1201200017
1201202112
1201210007
1201212102
1202011122
1202101122
1202112108
1202211017
1202211108
1210002104
1210012123
1210022114
1210102123
1210200017
1210200103
1210201007
1210201123
1210202115
1210210007
1210210123
1210211027
1210212108
1211022014
1211022104
1211122008
1211200007
1211202017
1211202105
1211210027
1211212007
1212001124
1212200115
1212201105
1212210108
1212211007
1220012114
1220101125
1221002114
1222110108
2000100016
2000100101
2000101002
2000102113
2000110003
2000112013
2001020116
2001021017
2001021108
2001100005
2001102015
2001120011
2001120101
2001121002
2001121122
2001121212
2001122111
2001201017
2001201108
2001211008
2001211211
2002110016
2002110106
2002111002
2010100006
2010102013
2010102103
2010112003
2011020014
2011020104
2011021004
2011021124
2011021214
2011022111
2011102005
2011120006
2011122011
2011122101
2011200015
2011200108
2011201008
2011201211
2011210008
2011220116
2011221017
2011221108
2012110006
2020010111
2020011011
2020011101
2020101011
2020101101
2020110011
2020110101
2020111001
2021010011
2021010101
2021011001
2021101001
2021121011
2021121101
2021211011
2021211101
2022110111
2022111011
2022111101
2100000014
2100000104
2100001004
2100010006
2100012013
2100012103
2100100007
2100100212
2100101202
2100102013
2100110203
2100112003
2100200116
2100201017
2100201108
2100210012
2100210108
2100211008
2100211212
2100212112
2101000004
2101012004
2101020014
2101020104
2101021008
2101021122
2101021212
2101022114
2101100205
2101120007
2101120212
2101121022
2101121202
2101122017
2101200012
2101200108
2101201008
2101201212
2101202112
2101210008
2101212012
2101212102
2101220116
2101221017
2101221108
2102110006
2102110216
2102111202
2110000003
2110012003
2110100206
2110102003
2110102213
2110112203
2110200015
2110200108
2110201008
2110201215
2110202113
2110210008
2110220113
2110221013
2111020004
2111021024
2111102208
2111120206
2111122007
2111200008
2111212008
2111220016
2111220108
2111221008
2112000016
2112000106
2112001004
2112010006
2112100006
2112110206
2112201015
2112201105
2112211008
2120010016
2120010104
2120011004
2120012113
2120101007
2120101213
2120110213
2120111203
2120112013
2120210116
2120211017
2120211108
2121012014
2121100215
2121101205
2121121008
2121200116
2121201017
2121210016
2121210106
2121211008
2122110016
2122111007
2200100112
2200101102
2200110102
2200111122
2200112112
2201011122
2201100102
2201101122
2201102112
2201120112
2201121012
2201121102
2210011124
2210100106
2210102113
2210112103
2211001124
2211102105
2211120016
2211120106
